              * /home/aparveen111/esim-workspace/6t_ram/6t_ram.cir
              Transient Analysis  Sat Oct  8 22:21:01  2022
--------------------------------------------------------------------------------
Index   time            v1#branch       v2#branch       v3#branch       
--------------------------------------------------------------------------------
0	0.000000e+00	-3.21758e-11	0.000000e+00	1.036674e-18	
1	1.000000e-14	5.965150e-04	-3.14294e-03	9.518557e-04	
2	2.000000e-14	6.096684e-04	-4.11076e-03	1.012992e-03	
3	4.000000e-14	6.614411e-04	-5.83915e-03	1.195732e-03	
4	8.000000e-14	7.293880e-04	-7.62207e-03	1.420736e-03	
5	1.600000e-13	1.146845e-03	-9.77516e-03	2.504535e-03	
6	3.200000e-13	2.099171e-03	-1.30362e-02	5.058985e-03	
7	6.400000e-13	2.435226e-03	-1.42366e-02	6.153144e-03	
8	1.000000e-12	2.194765e-03	-1.38679e-02	6.048680e-03	
9	1.049092e-12	1.331530e-04	-7.75144e-04	-6.68541e-05	
10	1.147276e-12	-3.18932e-05	1.976974e-04	1.849683e-04	
11	1.343645e-12	-6.14509e-05	-1.99774e-04	6.933841e-05	
12	1.736381e-12	-4.65715e-05	7.282830e-05	1.436916e-04	
13	2.521855e-12	-5.43999e-05	-1.53336e-04	7.976898e-05	
14	4.092802e-12	-4.49654e-05	5.516817e-05	1.309823e-04	
15	7.234696e-12	-4.60777e-05	-1.39757e-04	6.891746e-05	
16	1.351848e-11	-3.23976e-05	6.003960e-05	1.036258e-04	
17	2.608606e-11	-2.39327e-05	-1.18698e-04	2.405924e-05	
18	5.122121e-11	-4.95723e-06	8.693914e-05	4.183540e-05	
19	1.014915e-10	-3.11583e-06	-9.42100e-05	-2.56199e-05	
20	1.797260e-10	2.369454e-06	9.421183e-05	2.561315e-05	
21	2.902408e-10	-2.87785e-06	-9.41527e-05	-2.53336e-05	
22	5.112703e-10	2.658261e-06	9.410851e-05	2.538725e-05	
23	9.533294e-10	-2.68621e-06	-9.40874e-05	-2.53631e-05	
24	1.837448e-09	2.686261e-06	9.407647e-05	2.535634e-05	
25	3.605684e-09	-2.68567e-06	-9.40709e-05	-2.53533e-05	
26	7.142157e-09	2.685165e-06	9.406816e-05	2.535185e-05	
27	1.421510e-08	-2.68499e-06	-9.40668e-05	-2.53511e-05	
28	2.836100e-08	2.684800e-06	9.406607e-05	2.535078e-05	
29	5.665278e-08	-2.68480e-06	-9.40657e-05	-2.53506e-05	
30	1.132363e-07	2.684708e-06	9.406554e-05	2.535056e-05	
31	2.264035e-07	-2.68475e-06	-9.40655e-05	-2.53504e-05	
32	4.527378e-07	2.684682e-06	9.406541e-05	2.535049e-05	
33	7.727378e-07	-2.68474e-06	-9.40654e-05	-2.53504e-05	
34	1.000000e-06	2.684669e-06	9.406534e-05	2.535042e-05	
35	1.000000e-06	-1.15045e-03	5.673495e-03	-6.62770e-03	
36	1.000000e-06	-8.49103e-04	3.099848e-03	-5.37944e-03	
37	1.000001e-06	3.647551e-04	-3.05097e-04	1.045436e-03	
38	1.000001e-06	-6.20772e-05	1.451564e-03	-2.52345e-03	
39	1.000001e-06	-2.21262e-05	-4.70529e-04	-3.33563e-04	
40	1.000001e-06	2.316830e-04	-9.16405e-04	-1.99161e-04	
41	1.000001e-06	1.110130e-03	-6.14175e-03	-5.59332e-04	
42	1.000002e-06	1.197563e-03	-9.82312e-03	-6.70222e-04	
43	1.000002e-06	1.160859e-03	-8.86182e-03	-5.17809e-04	
44	1.000002e-06	3.142778e-04	-3.47359e-04	-2.55092e-05	
45	1.000002e-06	5.707651e-05	3.266405e-05	-1.52639e-04	
46	1.000002e-06	2.891445e-06	-2.23661e-05	-1.35213e-04	
47	1.000003e-06	1.403067e-05	1.702397e-05	-1.48518e-04	
48	1.000003e-06	9.429637e-06	-1.61854e-05	-1.36792e-04	
49	1.000005e-06	9.798109e-06	1.543392e-05	-1.47960e-04	
50	1.000007e-06	6.844239e-06	-1.36363e-05	-1.37086e-04	
51	1.000012e-06	2.287484e-06	1.736602e-05	-1.47361e-04	
52	1.000023e-06	-9.04559e-06	-8.91674e-06	-1.34999e-04	
53	1.000044e-06	-4.35303e-05	2.726153e-05	-1.39035e-04	
54	1.000081e-06	-3.91935e-05	-1.06858e-05	-1.11079e-04	

Index   time            v1#branch       v2#branch       v3#branch       
--------------------------------------------------------------------------------
55	1.000119e-06	-7.14691e-05	3.068825e-05	-1.09631e-04	
56	1.000196e-06	-3.54020e-05	-1.24160e-05	-5.50342e-05	
57	1.000274e-06	-6.18165e-05	2.511962e-05	-3.18756e-05	
58	1.000406e-06	-2.02586e-05	-9.85005e-06	2.458917e-06	
59	1.000547e-06	-3.67836e-05	1.832138e-05	-6.44596e-06	
60	1.000753e-06	6.253864e-06	-1.78050e-05	6.151095e-06	
61	1.001117e-06	-1.41180e-05	1.771850e-05	-6.15782e-06	
62	1.001481e-06	1.417261e-05	-1.76980e-05	6.157764e-06	
63	1.002038e-06	-1.41792e-05	1.768710e-05	-6.15786e-06	
64	1.002927e-06	1.418183e-05	-1.76809e-05	6.157876e-06	
65	1.004703e-06	-1.41828e-05	1.767787e-05	-6.15787e-06	
66	1.008257e-06	1.418339e-05	-1.76765e-05	6.157903e-06	
67	1.015365e-06	-1.41836e-05	1.767574e-05	-6.15789e-06	
68	1.029580e-06	1.418371e-05	-1.76754e-05	6.157899e-06	
69	1.058011e-06	-1.41838e-05	1.767522e-05	-6.15790e-06	
70	1.114871e-06	1.418378e-05	-1.76751e-05	6.157898e-06	
71	1.228593e-06	-1.41839e-05	1.767509e-05	-6.15790e-06	
72	1.456037e-06	1.418380e-05	-1.76751e-05	6.157898e-06	
73	1.776037e-06	-1.41839e-05	1.767505e-05	-6.15790e-06	
74	2.000000e-06	1.418381e-05	-1.76750e-05	6.157898e-06	
75	2.000000e-06	-1.15029e-03	5.650266e-03	-4.00429e-06	
76	2.000000e-06	-8.50430e-04	3.114554e-03	4.229978e-06	
77	2.000001e-06	3.658185e-04	-3.15879e-04	-3.93633e-06	
78	2.000001e-06	-6.31630e-05	1.459027e-03	3.669902e-06	
79	2.000001e-06	-2.20067e-05	-4.68162e-04	6.183377e-04	
80	2.000001e-06	2.322269e-04	-9.20193e-04	1.050794e-03	
81	2.000001e-06	1.112231e-03	-6.16482e-03	5.023547e-03	
82	2.000002e-06	1.195778e-03	-9.80938e-03	7.498703e-03	
83	2.000002e-06	1.162401e-03	-8.87796e-03	6.529098e-03	
84	2.000002e-06	3.145912e-04	-3.47575e-04	1.954818e-04	
85	2.000002e-06	5.730704e-05	3.236375e-05	1.417109e-04	
86	2.000002e-06	2.887814e-06	-2.23091e-05	1.747687e-04	
87	2.000003e-06	1.397651e-05	1.692233e-05	1.461824e-04	
88	2.000003e-06	9.447912e-06	-1.61757e-05	1.729654e-04	
89	2.000005e-06	9.745585e-06	1.535318e-05	1.468831e-04	
90	2.000007e-06	6.871883e-06	-1.36303e-05	1.724024e-04	
91	2.000012e-06	2.251340e-06	1.729741e-05	1.466447e-04	
92	2.000023e-06	-8.90206e-06	-8.93046e-06	1.715094e-04	
93	2.000044e-06	-4.36278e-05	2.726337e-05	1.452134e-04	
94	2.000081e-06	-3.90048e-05	-1.07020e-05	1.684311e-04	
95	2.000119e-06	-7.15852e-05	3.068189e-05	1.391491e-04	
96	2.000196e-06	-3.53309e-05	-1.23616e-05	1.258064e-04	
97	2.000273e-06	-6.19256e-05	2.506028e-05	4.295571e-05	
98	2.000406e-06	-2.02450e-05	-9.79623e-06	2.534411e-05	
99	2.000546e-06	-3.69197e-05	1.831944e-05	-3.68382e-06	
100	2.000753e-06	6.285094e-06	-1.77906e-05	1.561793e-05	
101	2.001110e-06	-1.42597e-05	1.770207e-05	-1.24685e-05	
102	2.001475e-06	1.425248e-05	-1.76815e-05	1.244262e-05	
103	2.002027e-06	-1.42574e-05	1.766993e-05	-1.24245e-05	
104	2.002914e-06	1.425989e-05	-1.76634e-05	1.241458e-05	
105	2.004686e-06	-1.42608e-05	1.766025e-05	-1.24088e-05	
106	2.008231e-06	1.426147e-05	-1.76588e-05	1.240831e-05	
107	2.015321e-06	-1.42617e-05	1.765802e-05	-1.24061e-05	
108	2.029500e-06	1.426180e-05	-1.76577e-05	1.240631e-05	
109	2.057860e-06	-1.42619e-05	1.765747e-05	-1.24055e-05	
110	2.114578e-06	1.426188e-05	-1.76574e-05	1.240582e-05	
111	2.228015e-06	-1.42620e-05	1.765733e-05	-1.24053e-05	
112	2.454888e-06	1.426190e-05	-1.76573e-05	1.240569e-05	

Index   time            v1#branch       v2#branch       v3#branch       
--------------------------------------------------------------------------------
113	2.774888e-06	-1.42620e-05	1.765730e-05	-1.24053e-05	
114	3.000000e-06	1.426191e-05	-1.76573e-05	1.240550e-05	
115	3.000000e-06	-1.15003e-03	5.650333e-03	-6.63027e-03	
116	3.000000e-06	-8.50566e-04	3.114640e-03	-5.37884e-03	
117	3.000001e-06	3.658971e-04	-3.15921e-04	1.043911e-03	
118	3.000001e-06	-6.32195e-05	1.459075e-03	-2.52172e-03	
119	3.000001e-06	-2.20282e-05	-4.68179e-04	-3.33357e-04	
120	3.000001e-06	2.322089e-04	-9.20109e-04	-1.99235e-04	
121	3.000001e-06	1.112062e-03	-6.16407e-03	-5.61065e-04	
122	3.000002e-06	1.195869e-03	-9.80992e-03	-6.68334e-04	
123	3.000002e-06	1.162337e-03	-8.87741e-03	-5.19451e-04	
124	3.000002e-06	3.145852e-04	-3.47560e-04	-2.54168e-05	
125	3.000002e-06	5.730196e-05	3.236225e-05	-1.52492e-04	
126	3.000002e-06	2.885837e-06	-2.23133e-05	-1.35191e-04	
127	3.000003e-06	1.397526e-05	1.691959e-05	-1.48445e-04	
128	3.000003e-06	9.445749e-06	-1.61794e-05	-1.36755e-04	
129	3.000005e-06	9.744479e-06	1.535059e-05	-1.47899e-04	
130	3.000007e-06	6.869912e-06	-1.36333e-05	-1.37054e-04	
131	3.000012e-06	2.250550e-06	1.729574e-05	-1.47317e-04	
132	3.000023e-06	-8.90379e-06	-8.93205e-06	-1.34990e-04	
133	3.000044e-06	-4.36281e-05	2.726320e-05	-1.39056e-04	
134	3.000081e-06	-3.90059e-05	-1.07024e-05	-1.11131e-04	
135	3.000119e-06	-7.15847e-05	3.068228e-05	-1.09746e-04	
136	3.000196e-06	-3.53310e-05	-1.23624e-05	-5.52470e-05	
137	3.000273e-06	-6.19252e-05	2.506106e-05	-3.20385e-05	
138	3.000406e-06	-2.02448e-05	-9.79696e-06	2.452402e-06	
139	3.000546e-06	-3.69191e-05	1.831982e-05	-6.47779e-06	
140	3.000753e-06	6.285197e-06	-1.77911e-05	6.179089e-06	
141	3.001117e-06	-1.41846e-05	1.770334e-05	-6.18595e-06	
142	3.001480e-06	1.425493e-05	-1.76818e-05	6.185926e-06	
143	3.002038e-06	-1.42626e-05	1.767048e-05	-6.18602e-06	
144	3.002922e-06	1.426561e-05	-1.76640e-05	6.186041e-06	
145	3.004692e-06	-1.42667e-05	1.766085e-05	-6.18603e-06	
146	3.008230e-06	1.426736e-05	-1.76594e-05	6.186067e-06	
147	3.015306e-06	-1.42676e-05	1.765863e-05	-6.18606e-06	
148	3.029459e-06	1.426772e-05	-1.76583e-05	6.186064e-06	
149	3.057764e-06	-1.42678e-05	1.765808e-05	-6.18606e-06	
150	3.114374e-06	1.426781e-05	-1.76580e-05	6.186063e-06	
151	3.227596e-06	-1.42679e-05	1.765795e-05	-6.18607e-06	
152	3.454038e-06	1.426783e-05	-1.76579e-05	6.186063e-06	
153	3.774038e-06	-1.42679e-05	1.765791e-05	-6.18607e-06	
154	4.000000e-06	1.426784e-05	-1.76579e-05	6.186063e-06	
155	4.000000e-06	-1.15008e-03	5.650334e-03	-4.00014e-06	
156	4.000000e-06	-8.50540e-04	3.114619e-03	4.224554e-06	
157	4.000001e-06	3.658797e-04	-3.15907e-04	-3.93100e-06	
158	4.000001e-06	-6.32065e-05	1.459060e-03	3.664678e-06	
159	4.000001e-06	-2.20250e-05	-4.68176e-04	6.183366e-04	
160	4.000001e-06	2.322113e-04	-9.20121e-04	1.050737e-03	
161	4.000001e-06	1.112104e-03	-6.16419e-03	5.023072e-03	
162	4.000002e-06	1.195842e-03	-9.80984e-03	7.499045e-03	
163	4.000002e-06	1.162352e-03	-8.87750e-03	6.528750e-03	
164	4.000002e-06	3.145870e-04	-3.47562e-04	1.954723e-04	
165	4.000002e-06	5.730235e-05	3.236256e-05	1.417134e-04	
166	4.000002e-06	2.886002e-06	-2.23125e-05	1.747672e-04	
167	4.000003e-06	1.397528e-05	1.691997e-05	1.461835e-04	
168	4.000003e-06	9.445920e-06	-1.61786e-05	1.729645e-04	
169	4.000005e-06	9.744485e-06	1.535093e-05	1.468840e-04	
170	4.000007e-06	6.870054e-06	-1.36327e-05	1.724016e-04	

Index   time            v1#branch       v2#branch       v3#branch       
--------------------------------------------------------------------------------
171	4.000012e-06	2.250515e-06	1.729591e-05	1.466455e-04	
172	4.000023e-06	-8.90412e-06	-8.93147e-06	1.715086e-04	
173	4.000044e-06	-4.36277e-05	2.726286e-05	1.452142e-04	
174	4.000081e-06	-3.90064e-05	-1.07019e-05	1.684301e-04	
175	4.000119e-06	-7.15843e-05	3.068190e-05	1.391496e-04	
176	4.000196e-06	-3.53313e-05	-1.23621e-05	1.258030e-04	
177	4.000273e-06	-6.19249e-05	2.506078e-05	4.295379e-05	
178	4.000406e-06	-2.02449e-05	-9.79668e-06	2.534289e-05	
179	4.000546e-06	-3.69187e-05	1.831943e-05	-3.68333e-06	
180	4.000753e-06	6.285033e-06	-1.77907e-05	1.561715e-05	
181	4.001110e-06	-1.42591e-05	1.770218e-05	-1.24680e-05	
182	4.001475e-06	1.425197e-05	-1.76816e-05	1.244205e-05	
183	4.002027e-06	-1.42569e-05	1.767005e-05	-1.24239e-05	
184	4.002914e-06	1.425938e-05	-1.76635e-05	1.241402e-05	
185	4.004686e-06	-1.42603e-05	1.766038e-05	-1.24083e-05	
186	4.008231e-06	1.426096e-05	-1.76589e-05	1.240776e-05	
187	4.015321e-06	-1.42612e-05	1.765815e-05	-1.24056e-05	
188	4.029501e-06	1.426129e-05	-1.76578e-05	1.240576e-05	
189	4.057861e-06	-1.42614e-05	1.765760e-05	-1.24049e-05	
190	4.114582e-06	1.426137e-05	-1.76575e-05	1.240526e-05	
191	4.228022e-06	-1.42614e-05	1.765747e-05	-1.24047e-05	
192	4.454903e-06	1.426139e-05	-1.76574e-05	1.240514e-05	
193	4.774903e-06	-1.42615e-05	1.765743e-05	-1.24048e-05	
194	5.000000e-06	1.426140e-05	-1.76574e-05	1.240495e-05	
195	5.000000e-06	-1.15003e-03	5.650332e-03	-6.63027e-03	
196	5.000000e-06	-8.50565e-04	3.114639e-03	-5.37883e-03	
197	5.000001e-06	3.658966e-04	-3.15921e-04	1.043911e-03	
198	5.000001e-06	-6.32191e-05	1.459074e-03	-2.52172e-03	
199	5.000001e-06	-2.66087e-03	9.568777e-03	-3.21247e-03	
200	5.000001e-06	-2.55550e-03	1.085590e-02	-2.92071e-03	
201	5.000001e-06	-2.56111e-03	1.056604e-02	-2.97743e-03	
202	5.000002e-06	-2.38641e-03	1.145825e-02	-2.69858e-03	
203	5.000002e-06	-2.13337e-03	1.123645e-02	-2.50247e-03	
204	5.000002e-06	2.774099e-04	2.257548e-03	1.068518e-04	
205	5.000002e-06	1.705956e-04	3.289603e-05	-1.09124e-05	
206	5.000002e-06	-1.60450e-05	5.729478e-05	-2.69209e-05	
207	5.000003e-06	8.117594e-05	5.018719e-05	-2.32712e-05	
208	5.000003e-06	7.824641e-06	5.095494e-05	-2.37432e-05	
209	5.000005e-06	7.004524e-05	4.746455e-05	-2.13675e-05	
210	5.000008e-06	9.195252e-06	4.249912e-05	-1.91468e-05	
211	5.000014e-06	6.316518e-05	3.323431e-05	-1.40467e-05	
212	5.000025e-06	1.987093e-06	1.803186e-05	-7.66394e-06	
213	5.000049e-06	4.679621e-05	3.760170e-06	-8.23407e-07	
214	5.000095e-06	-2.37796e-05	9.855959e-07	-6.36593e-07	
215	5.000166e-06	2.963545e-05	-5.94369e-07	5.321602e-07	
216	5.000289e-06	-2.72403e-05	5.433576e-07	-5.30938e-07	
217	5.000454e-06	2.830211e-05	-5.36903e-07	5.258567e-07	
218	5.000783e-06	-2.80354e-05	5.313035e-07	-5.25754e-07	
219	5.001442e-06	2.803548e-05	-5.29683e-07	5.254450e-07	
220	5.002759e-06	-2.80346e-05	5.289507e-07	-5.25318e-07	
221	5.005393e-06	2.803427e-05	-5.28592e-07	5.252447e-07	
222	5.010662e-06	-2.80340e-05	5.284237e-07	-5.25220e-07	
223	5.021199e-06	2.803386e-05	-5.28338e-07	5.251993e-07	
224	5.042273e-06	-2.80338e-05	5.282961e-07	-5.25197e-07	
225	5.084422e-06	2.803374e-05	-5.28275e-07	5.251881e-07	
226	5.168719e-06	-2.80338e-05	5.282645e-07	-5.25191e-07	
227	5.337314e-06	2.803372e-05	-5.28259e-07	5.251853e-07	
228	5.657314e-06	-2.80338e-05	5.282564e-07	-5.25190e-07	

Index   time            v1#branch       v2#branch       v3#branch       
--------------------------------------------------------------------------------
229	5.977314e-06	2.803371e-05	-5.28254e-07	5.251843e-07	
230	6.000000e-06	-2.80337e-05	5.282149e-07	-5.25182e-07	
231	6.000000e-06	-6.53225e-05	7.471523e-04	1.160408e-06	
232	6.000000e-06	3.810768e-05	1.641152e-04	-1.19856e-06	
233	6.000001e-06	-3.59234e-05	6.767538e-04	1.249700e-06	
234	6.000001e-06	3.408301e-05	1.654001e-04	-1.31649e-06	
235	6.000001e-06	6.667826e-08	-4.60768e-04	5.381438e-04	
236	6.000001e-06	-2.19545e-07	-4.13030e-04	5.629856e-04	
237	6.000002e-06	2.333704e-07	-4.31030e-04	5.917725e-04	
238	6.000002e-06	1.450689e-05	-5.02752e-04	7.841121e-04	
239	6.000002e-06	3.223674e-06	5.646587e-05	2.263904e-05	
240	6.000002e-06	-1.19503e-07	-4.35443e-06	-1.56468e-05	
241	6.000002e-06	-1.38496e-07	-1.23874e-06	1.427459e-05	
242	6.000003e-06	2.196606e-07	2.722507e-06	-1.36959e-05	
243	6.000004e-06	-2.30531e-07	-3.25796e-06	1.345734e-05	
244	6.000006e-06	2.450617e-07	3.494461e-06	-1.33176e-05	
245	6.000010e-06	-2.55957e-07	-3.59649e-06	1.327179e-05	
246	6.000018e-06	2.317804e-07	3.651552e-06	-1.32265e-05	
247	6.000035e-06	-2.85755e-07	-3.67389e-06	1.322277e-05	
248	6.000067e-06	2.050666e-07	3.693258e-06	-1.32153e-05	
249	6.000133e-06	-2.83409e-07	-3.69708e-06	1.321228e-05	
250	6.000264e-06	2.318055e-07	3.700399e-06	-1.32099e-05	
251	6.000526e-06	-2.51355e-07	-3.70197e-06	1.320909e-05	
252	6.001051e-06	2.490570e-07	3.702748e-06	-1.32086e-05	
253	6.002099e-06	-2.48863e-07	-3.70314e-06	1.320841e-05	
254	6.004196e-06	2.487349e-07	3.703338e-06	-1.32083e-05	
255	6.008391e-06	-2.48772e-07	-3.70344e-06	1.320822e-05	
256	6.016779e-06	2.486988e-07	3.703487e-06	-1.32082e-05	
257	6.033556e-06	-2.48757e-07	-3.70351e-06	1.320817e-05	
258	6.067111e-06	2.486913e-07	3.703524e-06	-1.32082e-05	
259	6.134220e-06	-2.48753e-07	-3.70353e-06	1.320816e-05	
260	6.268437e-06	2.486895e-07	3.703533e-06	-1.32082e-05	
261	6.536873e-06	-2.48752e-07	-3.70353e-06	1.320816e-05	
262	6.856873e-06	2.486889e-07	3.703536e-06	-1.32082e-05	
263	7.000000e-06	-2.48752e-07	-3.70354e-06	1.320816e-05	
264	7.000000e-06	-3.14248e-05	6.182832e-04	-8.43539e-04	
265	7.000000e-06	2.933156e-05	2.327819e-04	-4.85313e-04	
266	7.000001e-06	-2.91603e-05	6.085151e-04	-7.03109e-04	
267	7.000001e-06	2.890759e-05	2.299659e-04	-3.99418e-04	
268	7.000001e-06	-7.65421e-07	-4.60075e-04	-3.08569e-06	
269	7.000001e-06	1.736771e-07	-4.14131e-04	2.410115e-06	
270	7.000002e-06	6.913295e-08	-4.31777e-04	-2.26859e-06	
271	7.000002e-06	2.726678e-05	-5.88540e-04	1.472607e-06	
272	7.000002e-06	3.589336e-06	5.858336e-05	1.852975e-07	
273	7.000002e-06	-1.19856e-07	-5.10167e-06	-9.17897e-08	
274	7.000002e-06	-1.37576e-08	-9.94677e-07	8.213473e-08	
275	7.000003e-06	1.254413e-07	2.588577e-06	-7.13808e-08	
276	7.000004e-06	-6.49928e-08	-3.21584e-06	7.456850e-08	
277	7.000006e-06	1.456863e-07	3.444312e-06	-6.84246e-08	
278	7.000010e-06	-6.62342e-08	-3.58867e-06	7.256304e-08	
279	7.000018e-06	1.575772e-07	3.624636e-06	-6.85433e-08	
280	7.000035e-06	-5.68915e-08	-3.66755e-06	7.094377e-08	
281	7.000067e-06	1.605116e-07	3.673478e-06	-6.97159e-08	
282	7.000133e-06	-6.69695e-08	-3.68240e-06	6.973191e-08	
283	7.000264e-06	1.245980e-07	3.685568e-06	-6.98775e-08	
284	7.000526e-06	-1.05189e-07	-3.68742e-06	6.982083e-08	
285	7.001051e-06	1.067773e-07	3.688276e-06	-6.98269e-08	
286	7.002099e-06	-1.07059e-07	-3.68871e-06	6.982128e-08	

Index   time            v1#branch       v2#branch       v3#branch       
--------------------------------------------------------------------------------
287	7.004196e-06	1.070640e-07	3.688922e-06	-6.98255e-08	
288	7.008391e-06	-1.07153e-07	-3.68903e-06	6.982043e-08	
289	7.016779e-06	1.071010e-07	3.689084e-06	-6.98250e-08	
290	7.033556e-06	-1.07170e-07	-3.68911e-06	6.982019e-08	
291	7.067111e-06	1.071089e-07	3.689125e-06	-6.98249e-08	
292	7.134220e-06	-1.07175e-07	-3.68913e-06	6.982014e-08	
293	7.268437e-06	1.071109e-07	3.689135e-06	-6.98249e-08	
294	7.536873e-06	-1.07176e-07	-3.68914e-06	6.982012e-08	
295	7.856873e-06	1.071114e-07	3.689138e-06	-6.98249e-08	
296	8.000000e-06	-1.07176e-07	-3.68914e-06	6.982011e-08	
297	8.000000e-06	-5.81481e-05	7.473475e-04	1.237673e-06	
298	8.000000e-06	3.516450e-05	1.641178e-04	-1.24178e-06	
299	8.000001e-06	-3.40456e-05	6.767019e-04	1.286922e-06	
300	8.000001e-06	3.299026e-05	1.654711e-04	-1.34502e-06	
301	8.000001e-06	-3.24811e-07	-4.60782e-04	5.381421e-04	
302	8.000001e-06	-1.40526e-07	-4.13034e-04	5.629882e-04	
303	8.000002e-06	1.408323e-07	-4.31034e-04	5.917724e-04	
304	8.000002e-06	1.468880e-05	-5.03323e-04	7.846639e-04	
305	8.000002e-06	3.225218e-06	5.654959e-05	2.265019e-05	
306	8.000002e-06	-1.00164e-07	-4.38576e-06	-1.56466e-05	
307	8.000002e-06	-2.08344e-07	-1.20362e-06	1.426784e-05	
308	8.000003e-06	2.367008e-07	2.685048e-06	-1.36950e-05	
309	8.000004e-06	-2.97433e-07	-3.22140e-06	1.345052e-05	
310	8.000006e-06	2.638460e-07	3.456646e-06	-1.33163e-05	
311	8.000010e-06	-3.17746e-07	-3.55964e-06	1.326543e-05	
312	8.000018e-06	2.582089e-07	3.614464e-06	-1.32276e-05	
313	8.000035e-06	-3.39091e-07	-3.63331e-06	1.321598e-05	
314	8.000067e-06	2.493288e-07	3.652212e-06	-1.32082e-05	
315	8.000133e-06	-3.28646e-07	-3.65668e-06	1.320539e-05	
316	8.000264e-06	2.775588e-07	3.659957e-06	-1.32030e-05	
317	8.000526e-06	-2.96597e-07	-3.66156e-06	1.320229e-05	
318	8.001051e-06	2.944439e-07	3.662307e-06	-1.32017e-05	
319	8.002099e-06	-2.94347e-07	-3.66270e-06	1.320150e-05	
320	8.004196e-06	2.942444e-07	3.662894e-06	-1.32014e-05	
321	8.008391e-06	-2.94292e-07	-3.66299e-06	1.320132e-05	
322	8.016779e-06	2.942223e-07	3.663042e-06	-1.32013e-05	
323	8.033556e-06	-2.94282e-07	-3.66307e-06	1.320127e-05	
324	8.067111e-06	2.942177e-07	3.663079e-06	-1.32013e-05	
325	8.134220e-06	-2.94280e-07	-3.66309e-06	1.320126e-05	
326	8.268437e-06	2.942166e-07	3.663088e-06	-1.32013e-05	
327	8.536873e-06	-2.94280e-07	-3.66309e-06	1.320126e-05	
328	8.856873e-06	2.942163e-07	3.663091e-06	-1.32013e-05	
329	9.000000e-06	-2.94279e-07	-3.66309e-06	1.320125e-05	
330	9.000000e-06	-3.14277e-05	6.182843e-04	-8.43540e-04	
331	9.000000e-06	2.933381e-05	2.327794e-04	-4.85311e-04	
332	9.000001e-06	-2.91624e-05	6.085178e-04	-7.03111e-04	
333	9.000001e-06	2.890948e-05	2.299629e-04	-3.99417e-04	
334	9.000001e-06	-7.65308e-07	-4.60075e-04	-3.08570e-06	
335	9.000001e-06	1.736164e-07	-4.14131e-04	2.410124e-06	
336	9.000002e-06	6.919706e-08	-4.31777e-04	-2.26859e-06	
337	9.000002e-06	2.726244e-05	-5.88540e-04	1.472566e-06	
338	9.000002e-06	3.587663e-06	5.858338e-05	1.852929e-07	
339	9.000002e-06	-1.19600e-07	-5.10169e-06	-9.17868e-08	
340	9.000002e-06	-1.38427e-08	-9.94689e-07	8.213618e-08	
341	9.000003e-06	1.255433e-07	2.588569e-06	-7.13787e-08	
342	9.000004e-06	-6.50322e-08	-3.21585e-06	7.457010e-08	
343	9.000006e-06	1.457730e-07	3.444307e-06	-6.84227e-08	
344	9.000010e-06	-6.62622e-08	-3.58868e-06	7.256435e-08	

Index   time            v1#branch       v2#branch       v3#branch       
--------------------------------------------------------------------------------
345	9.000018e-06	1.576661e-07	3.624634e-06	-6.85421e-08	
346	9.000035e-06	-5.69106e-08	-3.66755e-06	7.094425e-08	
347	9.000067e-06	1.606011e-07	3.673480e-06	-6.97156e-08	
348	9.000133e-06	-6.69950e-08	-3.68240e-06	6.973164e-08	
349	9.000264e-06	1.246627e-07	3.685572e-06	-6.98773e-08	
350	9.000526e-06	-1.05240e-07	-3.68742e-06	6.982064e-08	
351	9.001051e-06	1.068298e-07	3.688279e-06	-6.98267e-08	
352	9.002099e-06	-1.07112e-07	-3.68871e-06	6.982110e-08	
353	9.004196e-06	1.071167e-07	3.688926e-06	-6.98253e-08	
354	9.008391e-06	-1.07206e-07	-3.68903e-06	6.982024e-08	
355	9.016779e-06	1.071537e-07	3.689088e-06	-6.98248e-08	
356	9.033556e-06	-1.07223e-07	-3.68912e-06	6.982001e-08	
357	9.067111e-06	1.071617e-07	3.689129e-06	-6.98247e-08	
358	9.134220e-06	-1.07227e-07	-3.68914e-06	6.981995e-08	
359	9.268437e-06	1.071636e-07	3.689139e-06	-6.98247e-08	
360	9.536873e-06	-1.07228e-07	-3.68914e-06	6.981993e-08	
361	9.856873e-06	1.071642e-07	3.689142e-06	-6.98247e-08	
362	1.000000e-05	-1.07229e-07	-3.68914e-06	6.981992e-08	
363	1.000000e-05	6.437764e-04	-6.04770e-03	8.236065e-04	
364	1.000000e-05	1.747001e-03	-1.10561e-02	2.414203e-03	
365	1.000000e-05	1.960280e-03	-9.78575e-03	2.772650e-03	
366	1.000000e-05	2.005724e-03	-1.09460e-02	2.893932e-03	
367	1.000000e-05	8.486217e-05	-1.31943e-03	4.425108e-04	
368	1.000000e-05	3.057071e-05	-1.02231e-04	5.745563e-04	
369	1.000000e-05	5.623559e-05	-1.29433e-03	1.179233e-03	
370	1.000000e-05	1.038296e-03	-8.93355e-03	8.559790e-03	
371	1.000000e-05	4.447426e-04	-5.95700e-03	4.643454e-03	
372	1.000000e-05	2.602823e-06	-1.49765e-04	1.863994e-05	
373	1.000000e-05	-3.49373e-05	-2.81971e-05	1.201419e-04	
374	1.000000e-05	-5.72661e-05	-5.90369e-05	1.181507e-04	
375	1.000000e-05	-4.98525e-05	-3.85899e-05	1.019214e-04	
376	1.000000e-05	-5.26944e-05	-5.45537e-05	1.199236e-04	
377	1.000000e-05	-4.80464e-05	-3.86889e-05	9.512713e-05	
378	1.000001e-05	-4.65717e-05	-5.06018e-05	1.102361e-04	
379	1.000001e-05	-3.78301e-05	-3.21272e-05	7.455185e-05	
380	1.000002e-05	-2.82235e-05	-3.58327e-05	7.318400e-05	
381	1.000004e-05	-1.16076e-05	-7.05117e-06	1.747862e-05	
382	1.000008e-05	-3.04815e-06	-8.09018e-06	1.464706e-05	
383	1.000015e-05	5.531597e-07	6.856334e-06	-1.16357e-05	
384	1.000024e-05	-1.04909e-06	-6.68723e-06	1.158772e-05	
385	1.000041e-05	6.554690e-07	6.640457e-06	-1.13843e-05	
386	1.000074e-05	-7.30275e-07	-6.62751e-06	1.139832e-05	
387	1.000141e-05	7.234626e-07	6.621346e-06	-1.13905e-05	
388	1.000276e-05	-7.20589e-07	-6.61848e-06	1.138711e-05	
389	1.000544e-05	7.192055e-07	6.617096e-06	-1.13851e-05	
390	1.001082e-05	-7.18515e-07	-6.61643e-06	1.138498e-05	
391	1.002157e-05	7.181488e-07	6.616087e-06	-1.13842e-05	
392	1.004306e-05	-7.18026e-07	-6.61592e-06	1.138426e-05	
393	1.008606e-05	7.178878e-07	6.615838e-06	-1.13840e-05	
394	1.017204e-05	-7.17905e-07	-6.61580e-06	1.138408e-05	
395	1.034402e-05	7.178228e-07	6.615776e-06	-1.13839e-05	
396	1.066402e-05	-7.17874e-07	-6.61576e-06	1.138403e-05	
397	1.098402e-05	7.178000e-07	6.615753e-06	-1.13839e-05	
398	1.100000e-05	-7.17630e-07	-6.61553e-06	1.138380e-05	
399	1.100000e-05	-1.15710e-03	5.650500e-03	-6.63335e-03	
400	1.100000e-05	-8.47449e-04	3.113738e-03	-5.37677e-03	
401	1.100000e-05	3.639278e-04	-3.15413e-04	1.042543e-03	
402	1.100000e-05	-6.20724e-05	1.458687e-03	-2.52068e-03	

Index   time            v1#branch       v2#branch       v3#branch       
--------------------------------------------------------------------------------
403	1.100000e-05	-2.13688e-05	-4.68153e-04	-3.33056e-04	
404	1.100000e-05	2.325758e-04	-9.22334e-04	-1.99441e-04	
405	1.100000e-05	1.114862e-03	-6.18346e-03	-5.62290e-04	
406	1.100000e-05	1.194231e-03	-9.79695e-03	-6.67295e-04	
407	1.100000e-05	1.163626e-03	-8.89120e-03	-5.20627e-04	
408	1.100000e-05	3.147281e-04	-3.47766e-04	-2.53731e-05	
409	1.100000e-05	5.741497e-05	3.229641e-05	-1.52488e-04	
410	1.100000e-05	2.901589e-06	-2.22598e-05	-1.35228e-04	
411	1.100000e-05	1.397629e-05	1.691915e-05	-1.48465e-04	
412	1.100000e-05	9.469169e-06	-1.61437e-05	-1.36784e-04	
413	1.100000e-05	9.744525e-06	1.535449e-05	-1.47919e-04	
414	1.100001e-05	6.893933e-06	-1.36046e-05	-1.37078e-04	
415	1.100001e-05	2.251725e-06	1.729441e-05	-1.47332e-04	
416	1.100002e-05	-8.85032e-06	-8.92282e-06	-1.35005e-04	
417	1.100004e-05	-4.36498e-05	2.726737e-05	-1.39072e-04	
418	1.100008e-05	-3.89464e-05	-1.07056e-05	-1.11151e-04	
419	1.100012e-05	-7.16183e-05	3.067898e-05	-1.09785e-04	
420	1.100020e-05	-3.53122e-05	-1.23429e-05	-5.53176e-05	
421	1.100027e-05	-6.19565e-05	2.504002e-05	-3.20928e-05	
422	1.100041e-05	-2.02450e-05	-9.77783e-06	2.450321e-06	
423	1.100055e-05	-3.69594e-05	1.831784e-05	-6.48858e-06	
424	1.100075e-05	6.290885e-06	-1.77849e-05	6.188592e-06	
425	1.100112e-05	-1.42020e-05	1.769681e-05	-6.19549e-06	
426	1.100148e-05	1.427760e-05	-1.76750e-05	6.195486e-06	
427	1.100204e-05	-1.42857e-05	1.766347e-05	-6.19558e-06	
428	1.100292e-05	1.428876e-05	-1.76569e-05	6.195601e-06	
429	1.100469e-05	-1.42899e-05	1.765371e-05	-6.19559e-06	
430	1.100822e-05	1.429058e-05	-1.76522e-05	6.195628e-06	
431	1.101529e-05	-1.42908e-05	1.765146e-05	-6.19562e-06	
432	1.102942e-05	1.429095e-05	-1.76511e-05	6.195625e-06	
433	1.105768e-05	-1.42911e-05	1.765090e-05	-6.19562e-06	
434	1.111421e-05	1.429104e-05	-1.76508e-05	6.195624e-06	
435	1.122727e-05	-1.42911e-05	1.765076e-05	-6.19563e-06	
436	1.145338e-05	1.429106e-05	-1.76507e-05	6.195623e-06	
437	1.177338e-05	-1.42911e-05	1.765072e-05	-6.19563e-06	
438	1.200000e-05	1.429108e-05	-1.76507e-05	6.195624e-06	
439	1.200000e-05	-1.15001e-03	5.650360e-03	-3.99877e-06	
440	1.200000e-05	-8.50575e-04	3.114639e-03	4.222764e-06	
441	1.200000e-05	3.658995e-04	-3.15915e-04	-3.92925e-06	
442	1.200000e-05	-6.32206e-05	1.459071e-03	3.662956e-06	
443	1.200000e-05	-2.20311e-05	-4.68181e-04	6.183361e-04	
444	1.200000e-05	2.322059e-04	-9.20096e-04	1.050717e-03	
445	1.200000e-05	1.112060e-03	-6.16396e-03	5.022905e-03	
446	1.200000e-05	1.195864e-03	-9.81000e-03	7.499165e-03	
447	1.200000e-05	1.162335e-03	-8.87734e-03	6.528628e-03	
448	1.200000e-05	3.145855e-04	-3.47558e-04	1.954691e-04	
449	1.200000e-05	5.730071e-05	3.236239e-05	1.417142e-04	
450	1.200000e-05	2.885407e-06	-2.23138e-05	1.747669e-04	
451	1.200000e-05	1.397487e-05	1.691936e-05	1.461838e-04	
452	1.200000e-05	9.445261e-06	-1.61797e-05	1.729643e-04	
453	1.200000e-05	9.744114e-06	1.535035e-05	1.468842e-04	
454	1.200001e-05	6.869447e-06	-1.36336e-05	1.724014e-04	
455	1.200001e-05	2.250233e-06	1.729558e-05	1.466457e-04	
456	1.200002e-05	-8.90483e-06	-8.93197e-06	1.715084e-04	
457	1.200004e-05	-4.36276e-05	2.726286e-05	1.452143e-04	
458	1.200008e-05	-3.90070e-05	-1.07021e-05	1.684299e-04	
459	1.200012e-05	-7.15841e-05	3.068207e-05	1.391496e-04	
460	1.200020e-05	-3.53314e-05	-1.23624e-05	1.258019e-04	

Index   time            v1#branch       v2#branch       v3#branch       
--------------------------------------------------------------------------------
461	1.200027e-05	-6.19246e-05	2.506113e-05	4.295297e-05	
462	1.200041e-05	-2.02448e-05	-9.79700e-06	2.534258e-05	
463	1.200055e-05	-3.69184e-05	1.831959e-05	-3.68329e-06	
464	1.200075e-05	6.285020e-06	-1.77909e-05	1.561700e-05	
465	1.200111e-05	-1.42589e-05	1.770239e-05	-1.24679e-05	
466	1.200148e-05	1.425180e-05	-1.76818e-05	1.244198e-05	
467	1.200203e-05	-1.42568e-05	1.767026e-05	-1.24238e-05	
468	1.200291e-05	1.425921e-05	-1.76637e-05	1.241395e-05	
469	1.200469e-05	-1.42601e-05	1.766059e-05	-1.24082e-05	
470	1.200823e-05	1.426079e-05	-1.76591e-05	1.240769e-05	
471	1.201532e-05	-1.42610e-05	1.765836e-05	-1.24055e-05	
472	1.202950e-05	1.426112e-05	-1.76580e-05	1.240569e-05	
473	1.205786e-05	-1.42612e-05	1.765781e-05	-1.24048e-05	
474	1.211458e-05	1.426120e-05	-1.76577e-05	1.240520e-05	
475	1.222803e-05	-1.42613e-05	1.765768e-05	-1.24047e-05	
476	1.245491e-05	1.426122e-05	-1.76577e-05	1.240508e-05	
477	1.277491e-05	-1.42613e-05	1.765764e-05	-1.24047e-05	
478	1.300000e-05	1.426123e-05	-1.76576e-05	1.240488e-05	
479	1.300000e-05	-1.15003e-03	5.650332e-03	-6.63027e-03	
480	1.300000e-05	-8.50565e-04	3.114639e-03	-5.37883e-03	
481	1.300000e-05	3.658964e-04	-3.15921e-04	1.043911e-03	
482	1.300000e-05	-6.32190e-05	1.459074e-03	-2.52172e-03	
483	1.300000e-05	-2.20279e-05	-4.68178e-04	-3.33357e-04	
484	1.300000e-05	2.322091e-04	-9.20110e-04	-1.99236e-04	
485	1.300000e-05	1.112064e-03	-6.16408e-03	-5.61066e-04	
486	1.300000e-05	1.195868e-03	-9.80992e-03	-6.68334e-04	
487	1.300000e-05	1.162338e-03	-8.87742e-03	-5.19451e-04	
488	1.300000e-05	3.145853e-04	-3.47560e-04	-2.54168e-05	
489	1.300000e-05	5.730202e-05	3.236227e-05	-1.52493e-04	
490	1.300000e-05	2.885861e-06	-2.23133e-05	-1.35191e-04	
491	1.300000e-05	1.397528e-05	1.691963e-05	-1.48445e-04	
492	1.300000e-05	9.445775e-06	-1.61793e-05	-1.36755e-04	
493	1.300000e-05	9.744493e-06	1.535062e-05	-1.47899e-04	
494	1.300001e-05	6.869936e-06	-1.36333e-05	-1.37054e-04	
495	1.300001e-05	2.250561e-06	1.729576e-05	-1.47317e-04	
496	1.300002e-05	-8.90377e-06	-8.93203e-06	-1.34990e-04	
497	1.300004e-05	-4.36281e-05	2.726320e-05	-1.39056e-04	
498	1.300008e-05	-3.90059e-05	-1.07024e-05	-1.11131e-04	
499	1.300012e-05	-7.15847e-05	3.068228e-05	-1.09746e-04	
500	1.300020e-05	-3.53310e-05	-1.23624e-05	-5.52470e-05	
501	1.300027e-05	-6.19252e-05	2.506105e-05	-3.20385e-05	
502	1.300041e-05	-2.02448e-05	-9.79696e-06	2.452402e-06	
503	1.300055e-05	-3.69191e-05	1.831982e-05	-6.47780e-06	
504	1.300075e-05	6.285197e-06	-1.77911e-05	6.179092e-06	
505	1.300112e-05	-1.41846e-05	1.770334e-05	-6.18595e-06	
506	1.300148e-05	1.425493e-05	-1.76818e-05	6.185929e-06	
507	1.300204e-05	-1.42626e-05	1.767048e-05	-6.18602e-06	
508	1.300292e-05	1.426561e-05	-1.76640e-05	6.186044e-06	
509	1.300469e-05	-1.42667e-05	1.766085e-05	-6.18603e-06	
510	1.300823e-05	1.426737e-05	-1.76594e-05	6.186071e-06	
511	1.301531e-05	-1.42676e-05	1.765863e-05	-6.18606e-06	
512	1.302946e-05	1.426773e-05	-1.76583e-05	6.186067e-06	
513	1.305776e-05	-1.42678e-05	1.765808e-05	-6.18607e-06	
514	1.311437e-05	1.426781e-05	-1.76580e-05	6.186066e-06	
515	1.322760e-05	-1.42679e-05	1.765794e-05	-6.18607e-06	
516	1.345404e-05	1.426783e-05	-1.76579e-05	6.186066e-06	
517	1.377404e-05	-1.42679e-05	1.765791e-05	-6.18607e-06	
518	1.400000e-05	1.426785e-05	-1.76579e-05	6.186066e-06	

Index   time            v1#branch       v2#branch       v3#branch       
--------------------------------------------------------------------------------
519	1.400000e-05	-1.15008e-03	5.650334e-03	-4.00014e-06	
520	1.400000e-05	-8.50540e-04	3.114619e-03	4.224554e-06	
521	1.400000e-05	3.658797e-04	-3.15907e-04	-3.93100e-06	
522	1.400000e-05	-6.32066e-05	1.459060e-03	3.664676e-06	
523	1.400000e-05	-2.20250e-05	-4.68176e-04	6.183365e-04	
524	1.400000e-05	2.322113e-04	-9.20121e-04	1.050737e-03	
525	1.400000e-05	1.112104e-03	-6.16419e-03	5.023072e-03	
526	1.400000e-05	1.195842e-03	-9.80984e-03	7.499045e-03	
527	1.400000e-05	1.162352e-03	-8.87750e-03	6.528750e-03	
528	1.400000e-05	3.145870e-04	-3.47563e-04	1.954724e-04	
529	1.400000e-05	5.730234e-05	3.236269e-05	1.417133e-04	
530	1.400000e-05	2.886012e-06	-2.23126e-05	1.747673e-04	
531	1.400000e-05	1.397527e-05	1.692010e-05	1.461834e-04	
532	1.400000e-05	9.445930e-06	-1.61787e-05	1.729646e-04	
533	1.400000e-05	9.744475e-06	1.535106e-05	1.468839e-04	
534	1.400001e-05	6.870064e-06	-1.36328e-05	1.724017e-04	
535	1.400001e-05	2.250505e-06	1.729604e-05	1.466454e-04	
536	1.400002e-05	-8.90411e-06	-8.93160e-06	1.715087e-04	
537	1.400004e-05	-4.36277e-05	2.726300e-05	1.452141e-04	
538	1.400008e-05	-3.90064e-05	-1.07021e-05	1.684302e-04	
539	1.400012e-05	-7.15844e-05	3.068204e-05	1.391495e-04	
540	1.400020e-05	-3.53313e-05	-1.23622e-05	1.258031e-04	
541	1.400027e-05	-6.19249e-05	2.506092e-05	4.295369e-05	
542	1.400041e-05	-2.02449e-05	-9.79681e-06	2.534299e-05	
543	1.400055e-05	-3.69187e-05	1.831956e-05	-3.68343e-06	
544	1.400075e-05	6.285043e-06	-1.77908e-05	1.561725e-05	
545	1.400111e-05	-1.42592e-05	1.770231e-05	-1.24681e-05	
546	1.400148e-05	1.425199e-05	-1.76817e-05	1.244215e-05	
547	1.400203e-05	-1.42569e-05	1.767019e-05	-1.24240e-05	
548	1.400291e-05	1.425939e-05	-1.76636e-05	1.241412e-05	
549	1.400469e-05	-1.42603e-05	1.766052e-05	-1.24084e-05	
550	1.400823e-05	1.426097e-05	-1.76590e-05	1.240786e-05	
551	1.401532e-05	-1.42612e-05	1.765828e-05	-1.24057e-05	
552	1.402950e-05	1.426130e-05	-1.76579e-05	1.240586e-05	
553	1.405786e-05	-1.42614e-05	1.765773e-05	-1.24050e-05	
554	1.411458e-05	1.426138e-05	-1.76576e-05	1.240537e-05	
555	1.422802e-05	-1.42615e-05	1.765760e-05	-1.24048e-05	
556	1.445490e-05	1.426140e-05	-1.76576e-05	1.240524e-05	
557	1.477490e-05	-1.42615e-05	1.765756e-05	-1.24049e-05	
558	1.500000e-05	1.426141e-05	-1.76575e-05	1.240505e-05	
559	1.500000e-05	-1.15003e-03	5.650332e-03	-6.63027e-03	
560	1.500000e-05	-8.50565e-04	3.114639e-03	-5.37883e-03	
561	1.500000e-05	3.658966e-04	-3.15921e-04	1.043911e-03	
562	1.500000e-05	-6.32191e-05	1.459074e-03	-2.52172e-03	
563	1.500000e-05	-2.66087e-03	9.568777e-03	-3.21247e-03	
564	1.500000e-05	-2.55550e-03	1.085590e-02	-2.92071e-03	
565	1.500000e-05	-2.56111e-03	1.056604e-02	-2.97743e-03	
566	1.500000e-05	-2.38641e-03	1.145825e-02	-2.69858e-03	
567	1.500000e-05	-2.13337e-03	1.123645e-02	-2.50247e-03	
568	1.500000e-05	2.774098e-04	2.257548e-03	1.068518e-04	
569	1.500000e-05	1.705957e-04	3.289581e-05	-1.09123e-05	
570	1.500000e-05	-1.60451e-05	5.729498e-05	-2.69210e-05	
571	1.500000e-05	8.117601e-05	5.018699e-05	-2.32711e-05	
572	1.500000e-05	7.824564e-06	5.095513e-05	-2.37433e-05	
573	1.500000e-05	7.004531e-05	4.746435e-05	-2.13674e-05	
574	1.500001e-05	9.195175e-06	4.249932e-05	-1.91468e-05	
575	1.500001e-05	6.316525e-05	3.323411e-05	-1.40466e-05	
576	1.500003e-05	1.987017e-06	1.803206e-05	-7.66403e-06	

Index   time            v1#branch       v2#branch       v3#branch       
--------------------------------------------------------------------------------
577	1.500005e-05	4.679628e-05	3.759972e-06	-8.23320e-07	
578	1.500010e-05	-2.37797e-05	9.857929e-07	-6.36680e-07	
579	1.500017e-05	2.963553e-05	-5.94566e-07	5.322472e-07	
580	1.500029e-05	-2.72403e-05	5.435546e-07	-5.31025e-07	
581	1.500045e-05	2.830218e-05	-5.37100e-07	5.259437e-07	
582	1.500078e-05	-2.80354e-05	5.315004e-07	-5.25841e-07	
583	1.500144e-05	2.803556e-05	-5.29880e-07	5.255320e-07	
584	1.500276e-05	-2.80347e-05	5.291476e-07	-5.25405e-07	
585	1.500539e-05	2.803435e-05	-5.28789e-07	5.253317e-07	
586	1.501066e-05	-2.80341e-05	5.286207e-07	-5.25307e-07	
587	1.502120e-05	2.803393e-05	-5.28535e-07	5.252863e-07	
588	1.504227e-05	-2.80339e-05	5.284931e-07	-5.25284e-07	
589	1.508442e-05	2.803382e-05	-5.28472e-07	5.252751e-07	
590	1.516872e-05	-2.80339e-05	5.284614e-07	-5.25278e-07	
591	1.533731e-05	2.803379e-05	-5.28456e-07	5.252723e-07	
592	1.565731e-05	-2.80338e-05	5.284534e-07	-5.25277e-07	
593	1.597731e-05	2.803378e-05	-5.28451e-07	5.252713e-07	
594	1.600000e-05	-2.80338e-05	5.284118e-07	-5.25269e-07	

              * /home/aparveen111/esim-workspace/6t_ram/6t_ram.cir
              Transient Analysis  Sat Oct  8 22:21:01  2022
--------------------------------------------------------------------------------
Index   time            v4#branch       
--------------------------------------------------------------------------------
0	0.000000e+00	5.565372e-13	
1	1.000000e-14	-1.41968e-04	
2	2.000000e-14	-2.07390e-04	
3	4.000000e-14	-2.80105e-04	
4	8.000000e-14	-3.18578e-04	
5	1.600000e-13	-3.07723e-04	
6	3.200000e-13	-2.25748e-04	
7	6.400000e-13	-1.60548e-04	
8	1.000000e-12	-1.22517e-04	
9	1.049092e-12	-2.38524e-05	
10	1.147276e-12	9.767394e-06	
11	1.343645e-12	-6.65658e-06	
12	1.736381e-12	5.577040e-06	
13	2.521855e-12	-5.12555e-06	
14	4.092802e-12	4.914270e-06	
15	7.234696e-12	-4.81526e-06	
16	1.351848e-11	4.766812e-06	
17	2.608606e-11	-4.74066e-06	
18	5.122121e-11	4.738610e-06	
19	1.014915e-10	-4.72885e-06	
20	1.797260e-10	4.727434e-06	
21	2.902408e-10	-4.72306e-06	
22	5.112703e-10	4.722419e-06	
23	9.533294e-10	-4.72161e-06	
24	1.837448e-09	4.721259e-06	
25	3.605684e-09	-4.72109e-06	
26	7.142157e-09	4.720996e-06	
27	1.421510e-08	-4.72096e-06	
28	2.836100e-08	4.720931e-06	
29	5.665278e-08	-4.72092e-06	
30	1.132363e-07	4.720915e-06	
31	2.264035e-07	-4.72092e-06	
32	4.527378e-07	4.720910e-06	
33	7.727378e-07	-4.72091e-06	
34	1.000000e-06	4.720908e-06	
35	1.000000e-06	-3.39892e-06	
36	1.000000e-06	3.876930e-06	
37	1.000001e-06	-3.65819e-06	
38	1.000001e-06	3.468688e-06	
39	1.000001e-06	6.181863e-04	
40	1.000001e-06	1.048623e-03	
41	1.000001e-06	5.004853e-03	
42	1.000002e-06	7.511775e-03	
43	1.000002e-06	6.515572e-03	
44	1.000002e-06	1.950321e-04	
45	1.000002e-06	1.418283e-04	
46	1.000002e-06	1.747021e-04	
47	1.000003e-06	1.462315e-04	
48	1.000003e-06	1.729219e-04	
49	1.000005e-06	1.469224e-04	
50	1.000007e-06	1.723630e-04	
51	1.000012e-06	1.466814e-04	
52	1.000023e-06	1.714702e-04	
53	1.000044e-06	1.452475e-04	
54	1.000081e-06	1.683828e-04	

Index   time            v4#branch       
--------------------------------------------------------------------------------
55	1.000119e-06	1.391440e-04	
56	1.000196e-06	1.254745e-04	
57	1.000274e-06	4.268440e-05	
58	1.000406e-06	2.526229e-05	
59	1.000547e-06	-3.68382e-06	
60	1.000753e-06	1.558526e-05	
61	1.001117e-06	-1.24823e-05	
62	1.001481e-06	1.243522e-05	
63	1.002038e-06	-1.24174e-05	
64	1.002927e-06	1.240789e-05	
65	1.004703e-06	-1.24024e-05	
66	1.008257e-06	1.240191e-05	
67	1.015365e-06	-1.23998e-05	
68	1.029580e-06	1.240001e-05	
69	1.058011e-06	-1.23992e-05	
70	1.114871e-06	1.239954e-05	
71	1.228593e-06	-1.23990e-05	
72	1.456037e-06	1.239942e-05	
73	1.776037e-06	-1.23991e-05	
74	2.000000e-06	1.239924e-05	
75	2.000000e-06	-6.63039e-03	
76	2.000000e-06	-5.37871e-03	
77	2.000001e-06	1.043858e-03	
78	2.000001e-06	-2.52168e-03	
79	2.000001e-06	-3.33354e-04	
80	2.000001e-06	-1.99246e-04	
81	2.000001e-06	-5.61102e-04	
82	2.000002e-06	-6.68321e-04	
83	2.000002e-06	-5.19483e-04	
84	2.000002e-06	-2.54150e-05	
85	2.000002e-06	-1.52496e-04	
86	2.000002e-06	-1.35195e-04	
87	2.000003e-06	-1.48449e-04	
88	2.000003e-06	-1.36759e-04	
89	2.000005e-06	-1.47903e-04	
90	2.000007e-06	-1.37058e-04	
91	2.000012e-06	-1.47320e-04	
92	2.000023e-06	-1.34992e-04	
93	2.000044e-06	-1.39057e-04	
94	2.000081e-06	-1.11132e-04	
95	2.000119e-06	-1.09746e-04	
96	2.000196e-06	-5.52485e-05	
97	2.000273e-06	-3.20395e-05	
98	2.000406e-06	2.452319e-06	
99	2.000546e-06	-6.47797e-06	
100	2.000753e-06	6.179243e-06	
101	2.001110e-06	-6.18636e-06	
102	2.001475e-06	6.186458e-06	
103	2.002027e-06	-6.18655e-06	
104	2.002914e-06	6.186570e-06	
105	2.004686e-06	-6.18656e-06	
106	2.008231e-06	6.186597e-06	
107	2.015321e-06	-6.18659e-06	
108	2.029500e-06	6.186594e-06	
109	2.057860e-06	-6.18659e-06	
110	2.114578e-06	6.186593e-06	
111	2.228015e-06	-6.18660e-06	
112	2.454888e-06	6.186592e-06	

Index   time            v4#branch       
--------------------------------------------------------------------------------
113	2.774888e-06	-6.18660e-06	
114	3.000000e-06	6.186593e-06	
115	3.000000e-06	-3.99798e-06	
116	3.000000e-06	4.221668e-06	
117	3.000001e-06	-3.92817e-06	
118	3.000001e-06	3.661891e-06	
119	3.000001e-06	6.183367e-04	
120	3.000001e-06	1.050727e-03	
121	3.000001e-06	5.022992e-03	
122	3.000002e-06	7.499102e-03	
123	3.000002e-06	6.528692e-03	
124	3.000002e-06	1.954709e-04	
125	3.000002e-06	1.417138e-04	
126	3.000002e-06	1.747671e-04	
127	3.000003e-06	1.461836e-04	
128	3.000003e-06	1.729644e-04	
129	3.000005e-06	1.468841e-04	
130	3.000007e-06	1.724015e-04	
131	3.000012e-06	1.466456e-04	
132	3.000023e-06	1.715085e-04	
133	3.000044e-06	1.452142e-04	
134	3.000081e-06	1.684301e-04	
135	3.000119e-06	1.391497e-04	
136	3.000196e-06	1.258036e-04	
137	3.000273e-06	4.295446e-05	
138	3.000406e-06	2.534296e-05	
139	3.000546e-06	-3.68323e-06	
140	3.000753e-06	1.561712e-05	
141	3.001117e-06	-1.24981e-05	
142	3.001480e-06	1.244390e-05	
143	3.002038e-06	-1.24250e-05	
144	3.002922e-06	1.241497e-05	
145	3.004692e-06	-1.24092e-05	
146	3.008230e-06	1.240866e-05	
147	3.015306e-06	-1.24065e-05	
148	3.029459e-06	1.240666e-05	
149	3.057764e-06	-1.24058e-05	
150	3.114374e-06	1.240617e-05	
151	3.227596e-06	-1.24056e-05	
152	3.454038e-06	1.240605e-05	
153	3.774038e-06	-1.24057e-05	
154	4.000000e-06	1.240585e-05	
155	4.000000e-06	-6.63029e-03	
156	4.000000e-06	-5.37882e-03	
157	4.000001e-06	1.043903e-03	
158	4.000001e-06	-2.52171e-03	
159	4.000001e-06	-3.33356e-04	
160	4.000001e-06	-1.99237e-04	
161	4.000001e-06	-5.61066e-04	
162	4.000002e-06	-6.68336e-04	
163	4.000002e-06	-5.19453e-04	
164	4.000002e-06	-2.54165e-05	
165	4.000002e-06	-1.52493e-04	
166	4.000002e-06	-1.35192e-04	
167	4.000003e-06	-1.48446e-04	
168	4.000003e-06	-1.36755e-04	
169	4.000005e-06	-1.47900e-04	
170	4.000007e-06	-1.37055e-04	

Index   time            v4#branch       
--------------------------------------------------------------------------------
171	4.000012e-06	-1.47318e-04	
172	4.000023e-06	-1.34990e-04	
173	4.000044e-06	-1.39056e-04	
174	4.000081e-06	-1.11131e-04	
175	4.000119e-06	-1.09745e-04	
176	4.000196e-06	-5.52466e-05	
177	4.000273e-06	-3.20380e-05	
178	4.000406e-06	2.452352e-06	
179	4.000546e-06	-6.47766e-06	
180	4.000753e-06	6.178965e-06	
181	4.001110e-06	-6.18608e-06	
182	4.001475e-06	6.186178e-06	
183	4.002027e-06	-6.18627e-06	
184	4.002914e-06	6.186291e-06	
185	4.004686e-06	-6.18628e-06	
186	4.008231e-06	6.186318e-06	
187	4.015321e-06	-6.18631e-06	
188	4.029501e-06	6.186314e-06	
189	4.057861e-06	-6.18631e-06	
190	4.114582e-06	6.186313e-06	
191	4.228022e-06	-6.18632e-06	
192	4.454903e-06	6.186313e-06	
193	4.774903e-06	-6.18632e-06	
194	5.000000e-06	6.186313e-06	
195	5.000000e-06	-3.99802e-06	
196	5.000000e-06	4.221727e-06	
197	5.000001e-06	-3.92823e-06	
198	5.000001e-06	3.661947e-06	
199	5.000001e-06	1.012218e-04	
200	5.000001e-06	1.462116e-04	
201	5.000001e-06	1.511131e-04	
202	5.000002e-06	2.599795e-04	
203	5.000002e-06	3.611683e-04	
204	5.000002e-06	1.202570e-04	
205	5.000002e-06	-1.04066e-05	
206	5.000002e-06	7.681711e-06	
207	5.000003e-06	-6.87942e-06	
208	5.000003e-06	6.556389e-06	
209	5.000005e-06	-6.40768e-06	
210	5.000008e-06	6.342141e-06	
211	5.000014e-06	-6.29852e-06	
212	5.000025e-06	6.284095e-06	
213	5.000049e-06	-6.27550e-06	
214	5.000095e-06	6.271192e-06	
215	5.000166e-06	-6.26836e-06	
216	5.000289e-06	6.266739e-06	
217	5.000454e-06	-6.26552e-06	
218	5.000783e-06	6.264920e-06	
219	5.001442e-06	-6.26462e-06	
220	5.002759e-06	6.264478e-06	
221	5.005393e-06	-6.26438e-06	
222	5.010662e-06	6.264355e-06	
223	5.021199e-06	-6.26433e-06	
224	5.042273e-06	6.264324e-06	
225	5.084422e-06	-6.26432e-06	
226	5.168719e-06	6.264316e-06	
227	5.337314e-06	-6.26431e-06	
228	5.657314e-06	6.264314e-06	

Index   time            v4#branch       
--------------------------------------------------------------------------------
229	5.977314e-06	-6.26431e-06	
230	6.000000e-06	6.264305e-06	
231	6.000000e-06	-9.03986e-04	
232	6.000000e-06	-4.65123e-04	
233	6.000001e-06	-7.23824e-04	
234	6.000001e-06	-3.78538e-04	
235	6.000001e-06	-2.75037e-06	
236	6.000001e-06	2.333439e-06	
237	6.000002e-06	-2.22822e-06	
238	6.000002e-06	2.169341e-06	
239	6.000002e-06	7.527661e-08	
240	6.000002e-06	-5.47153e-08	
241	6.000002e-06	5.113776e-08	
242	6.000003e-06	-4.98535e-08	
243	6.000004e-06	4.928453e-08	
244	6.000006e-06	-4.90214e-08	
245	6.000010e-06	4.888803e-08	
246	6.000018e-06	-4.88276e-08	
247	6.000035e-06	4.879220e-08	
248	6.000067e-06	-4.87800e-08	
249	6.000133e-06	4.876844e-08	
250	6.000264e-06	-4.87681e-08	
251	6.000526e-06	4.876252e-08	
252	6.001051e-06	-4.87651e-08	
253	6.002099e-06	4.876103e-08	
254	6.004196e-06	-4.87644e-08	
255	6.008391e-06	4.876066e-08	
256	6.016779e-06	-4.87642e-08	
257	6.033556e-06	4.876057e-08	
258	6.067111e-06	-4.87642e-08	
259	6.134220e-06	4.876055e-08	
260	6.268437e-06	-4.87642e-08	
261	6.536873e-06	4.876054e-08	
262	6.856873e-06	-4.87642e-08	
263	7.000000e-06	4.876054e-08	
264	7.000000e-06	4.509732e-10	
265	7.000000e-06	8.509599e-10	
266	7.000001e-06	-1.25628e-09	
267	7.000001e-06	1.621665e-09	
268	7.000001e-06	5.384713e-04	
269	7.000001e-06	5.629596e-04	
270	7.000002e-06	5.918471e-04	
271	7.000002e-06	8.310558e-04	
272	7.000002e-06	2.225354e-05	
273	7.000002e-06	-1.56897e-05	
274	7.000002e-06	1.432244e-05	
275	7.000003e-06	-1.37655e-05	
276	7.000004e-06	1.351102e-05	
277	7.000006e-06	-1.33774e-05	
278	7.000010e-06	1.333320e-05	
279	7.000018e-06	-1.32952e-05	
280	7.000035e-06	1.328302e-05	
281	7.000067e-06	-1.32749e-05	
282	7.000133e-06	1.327221e-05	
283	7.000264e-06	-1.32700e-05	
284	7.000526e-06	1.326910e-05	
285	7.001051e-06	-1.32686e-05	
286	7.002099e-06	1.326842e-05	

Index   time            v4#branch       
--------------------------------------------------------------------------------
287	7.004196e-06	-1.32683e-05	
288	7.008391e-06	1.326823e-05	
289	7.016779e-06	-1.32682e-05	
290	7.033556e-06	1.326819e-05	
291	7.067111e-06	-1.32682e-05	
292	7.134220e-06	1.326817e-05	
293	7.268437e-06	-1.32682e-05	
294	7.536873e-06	1.326817e-05	
295	7.856873e-06	-1.32682e-05	
296	8.000000e-06	1.326817e-05	
297	8.000000e-06	-9.03857e-04	
298	8.000000e-06	-4.65258e-04	
299	8.000001e-06	-7.23690e-04	
300	8.000001e-06	-3.78670e-04	
301	8.000001e-06	-2.75286e-06	
302	8.000001e-06	2.336273e-06	
303	8.000002e-06	-2.23109e-06	
304	8.000002e-06	2.172205e-06	
305	8.000002e-06	7.530989e-08	
306	8.000002e-06	-5.47742e-08	
307	8.000002e-06	5.119830e-08	
308	8.000003e-06	-4.99142e-08	
309	8.000004e-06	4.934517e-08	
310	8.000006e-06	-4.90820e-08	
311	8.000010e-06	4.894861e-08	
312	8.000018e-06	-4.88882e-08	
313	8.000035e-06	4.885276e-08	
314	8.000067e-06	-4.88405e-08	
315	8.000133e-06	4.882900e-08	
316	8.000264e-06	-4.88287e-08	
317	8.000526e-06	4.882307e-08	
318	8.001051e-06	-4.88257e-08	
319	8.002099e-06	4.882159e-08	
320	8.004196e-06	-4.88250e-08	
321	8.008391e-06	4.882122e-08	
322	8.016779e-06	-4.88248e-08	
323	8.033556e-06	4.882112e-08	
324	8.067111e-06	-4.88247e-08	
325	8.134220e-06	4.882110e-08	
326	8.268437e-06	-4.88247e-08	
327	8.536873e-06	4.882110e-08	
328	8.856873e-06	-4.88247e-08	
329	9.000000e-06	4.882109e-08	
330	9.000000e-06	4.514484e-10	
331	9.000000e-06	8.503366e-10	
332	9.000001e-06	-1.25564e-09	
333	9.000001e-06	1.621013e-09	
334	9.000001e-06	5.384713e-04	
335	9.000001e-06	5.629596e-04	
336	9.000002e-06	5.918471e-04	
337	9.000002e-06	8.310558e-04	
338	9.000002e-06	2.225355e-05	
339	9.000002e-06	-1.56897e-05	
340	9.000002e-06	1.432246e-05	
341	9.000003e-06	-1.37655e-05	
342	9.000004e-06	1.351103e-05	
343	9.000006e-06	-1.33774e-05	
344	9.000010e-06	1.333321e-05	

Index   time            v4#branch       
--------------------------------------------------------------------------------
345	9.000018e-06	-1.32953e-05	
346	9.000035e-06	1.328303e-05	
347	9.000067e-06	-1.32749e-05	
348	9.000133e-06	1.327222e-05	
349	9.000264e-06	-1.32700e-05	
350	9.000526e-06	1.326911e-05	
351	9.001051e-06	-1.32686e-05	
352	9.002099e-06	1.326843e-05	
353	9.004196e-06	-1.32683e-05	
354	9.008391e-06	1.326824e-05	
355	9.016779e-06	-1.32682e-05	
356	9.033556e-06	1.326820e-05	
357	9.067111e-06	-1.32682e-05	
358	9.134220e-06	1.326819e-05	
359	9.268437e-06	-1.32682e-05	
360	9.536873e-06	1.326818e-05	
361	9.856873e-06	-1.32682e-05	
362	1.000000e-05	1.326818e-05	
363	1.000000e-05	-2.85043e-04	
364	1.000000e-05	-2.54538e-04	
365	1.000000e-05	-1.31767e-04	
366	1.000000e-05	-1.40291e-04	
367	1.000000e-05	-2.24411e-05	
368	1.000000e-05	1.137232e-05	
369	1.000000e-05	-8.32436e-06	
370	1.000000e-05	7.177590e-06	
371	1.000000e-05	-9.75529e-07	
372	1.000000e-05	-1.54912e-08	
373	1.000000e-05	4.277517e-08	
374	1.000000e-05	-3.73592e-08	
375	1.000000e-05	3.590290e-08	
376	1.000000e-05	-3.44610e-08	
377	1.000000e-05	3.460837e-08	
378	1.000001e-05	-3.37325e-08	
379	1.000001e-05	3.450829e-08	
380	1.000002e-05	-3.28855e-08	
381	1.000004e-05	3.796280e-08	
382	1.000008e-05	-2.03719e-08	
383	1.000015e-05	1.632931e-08	
384	1.000024e-05	-1.35170e-08	
385	1.000041e-05	1.443525e-08	
386	1.000074e-05	-1.40186e-08	
387	1.000141e-05	1.400670e-08	
388	1.000276e-05	-1.40053e-08	
389	1.000544e-05	1.400965e-08	
390	1.001082e-05	-1.39975e-08	
391	1.002157e-05	1.400027e-08	
392	1.004306e-05	-1.40000e-08	
393	1.008606e-05	1.399798e-08	
394	1.017204e-05	-1.40006e-08	
395	1.034402e-05	1.399742e-08	
396	1.066402e-05	-1.40008e-08	
397	1.098402e-05	1.399731e-08	
398	1.100000e-05	-1.39987e-08	
399	1.100000e-05	-4.04106e-06	
400	1.100000e-05	4.282597e-06	
401	1.100000e-05	-3.99014e-06	
402	1.100000e-05	3.725068e-06	

Index   time            v4#branch       
--------------------------------------------------------------------------------
403	1.100000e-05	6.183904e-04	
404	1.100000e-05	1.052481e-03	
405	1.100000e-05	5.037850e-03	
406	1.100000e-05	7.488384e-03	
407	1.100000e-05	6.539593e-03	
408	1.100000e-05	1.957624e-04	
409	1.100000e-05	1.416365e-04	
410	1.100000e-05	1.748095e-04	
411	1.100000e-05	1.461519e-04	
412	1.100000e-05	1.729915e-04	
413	1.100000e-05	1.468588e-04	
414	1.100001e-05	1.724258e-04	
415	1.100001e-05	1.466219e-04	
416	1.100002e-05	1.715327e-04	
417	1.100004e-05	1.451919e-04	
418	1.100008e-05	1.684573e-04	
419	1.100012e-05	1.391404e-04	
420	1.100020e-05	1.259242e-04	
421	1.100027e-05	4.303314e-05	
422	1.100041e-05	2.538130e-05	
423	1.100055e-05	-3.69430e-06	
424	1.100075e-05	1.563894e-05	
425	1.100112e-05	-1.25146e-05	
426	1.100148e-05	1.245799e-05	
427	1.100204e-05	-1.24387e-05	
428	1.100292e-05	1.242852e-05	
429	1.100469e-05	-1.24226e-05	
430	1.100822e-05	1.242211e-05	
431	1.101529e-05	-1.24199e-05	
432	1.102942e-05	1.242008e-05	
433	1.105768e-05	-1.24192e-05	
434	1.111421e-05	1.241958e-05	
435	1.122727e-05	-1.24190e-05	
436	1.145338e-05	1.241945e-05	
437	1.177338e-05	-1.24191e-05	
438	1.200000e-05	1.241925e-05	
439	1.200000e-05	-6.63025e-03	
440	1.200000e-05	-5.37885e-03	
441	1.200000e-05	1.043919e-03	
442	1.200000e-05	-2.52173e-03	
443	1.200000e-05	-3.33357e-04	
444	1.200000e-05	-1.99234e-04	
445	1.200000e-05	-5.61054e-04	
446	1.200000e-05	-6.68341e-04	
447	1.200000e-05	-5.19442e-04	
448	1.200000e-05	-2.54170e-05	
449	1.200000e-05	-1.52492e-04	
450	1.200000e-05	-1.35190e-04	
451	1.200000e-05	-1.48445e-04	
452	1.200000e-05	-1.36754e-04	
453	1.200000e-05	-1.47898e-04	
454	1.200001e-05	-1.37054e-04	
455	1.200001e-05	-1.47317e-04	
456	1.200002e-05	-1.34990e-04	
457	1.200004e-05	-1.39055e-04	
458	1.200008e-05	-1.11131e-04	
459	1.200012e-05	-1.09745e-04	
460	1.200020e-05	-5.52460e-05	

Index   time            v4#branch       
--------------------------------------------------------------------------------
461	1.200027e-05	-3.20375e-05	
462	1.200041e-05	2.452352e-06	
463	1.200055e-05	-6.47754e-06	
464	1.200075e-05	6.178854e-06	
465	1.200111e-05	-6.18597e-06	
466	1.200148e-05	6.186066e-06	
467	1.200203e-05	-6.18616e-06	
468	1.200291e-05	6.186179e-06	
469	1.200469e-05	-6.18617e-06	
470	1.200823e-05	6.186205e-06	
471	1.201532e-05	-6.18620e-06	
472	1.202950e-05	6.186202e-06	
473	1.205786e-05	-6.18620e-06	
474	1.211458e-05	6.186201e-06	
475	1.222803e-05	-6.18620e-06	
476	1.245491e-05	6.186201e-06	
477	1.277491e-05	-6.18620e-06	
478	1.300000e-05	6.186201e-06	
479	1.300000e-05	-3.99804e-06	
480	1.300000e-05	4.221747e-06	
481	1.300000e-05	-3.92825e-06	
482	1.300000e-05	3.661968e-06	
483	1.300000e-05	6.183367e-04	
484	1.300000e-05	1.050728e-03	
485	1.300000e-05	5.022999e-03	
486	1.300000e-05	7.499097e-03	
487	1.300000e-05	6.528697e-03	
488	1.300000e-05	1.954710e-04	
489	1.300000e-05	1.417137e-04	
490	1.300000e-05	1.747672e-04	
491	1.300000e-05	1.461836e-04	
492	1.300000e-05	1.729644e-04	
493	1.300000e-05	1.468841e-04	
494	1.300001e-05	1.724016e-04	
495	1.300001e-05	1.466456e-04	
496	1.300002e-05	1.715086e-04	
497	1.300004e-05	1.452142e-04	
498	1.300008e-05	1.684301e-04	
499	1.300012e-05	1.391497e-04	
500	1.300020e-05	1.258036e-04	
501	1.300027e-05	4.295448e-05	
502	1.300041e-05	2.534298e-05	
503	1.300055e-05	-3.68324e-06	
504	1.300075e-05	1.561713e-05	
505	1.300112e-05	-1.24981e-05	
506	1.300148e-05	1.244391e-05	
507	1.300204e-05	-1.24250e-05	
508	1.300292e-05	1.241497e-05	
509	1.300469e-05	-1.24092e-05	
510	1.300823e-05	1.240867e-05	
511	1.301531e-05	-1.24065e-05	
512	1.302946e-05	1.240667e-05	
513	1.305776e-05	-1.24058e-05	
514	1.311437e-05	1.240618e-05	
515	1.322760e-05	-1.24057e-05	
516	1.345404e-05	1.240605e-05	
517	1.377404e-05	-1.24057e-05	
518	1.400000e-05	1.240586e-05	

Index   time            v4#branch       
--------------------------------------------------------------------------------
519	1.400000e-05	-6.63029e-03	
520	1.400000e-05	-5.37882e-03	
521	1.400000e-05	1.043903e-03	
522	1.400000e-05	-2.52171e-03	
523	1.400000e-05	-3.33356e-04	
524	1.400000e-05	-1.99237e-04	
525	1.400000e-05	-5.61066e-04	
526	1.400000e-05	-6.68336e-04	
527	1.400000e-05	-5.19453e-04	
528	1.400000e-05	-2.54165e-05	
529	1.400000e-05	-1.52493e-04	
530	1.400000e-05	-1.35192e-04	
531	1.400000e-05	-1.48446e-04	
532	1.400000e-05	-1.36755e-04	
533	1.400000e-05	-1.47900e-04	
534	1.400001e-05	-1.37055e-04	
535	1.400001e-05	-1.47317e-04	
536	1.400002e-05	-1.34990e-04	
537	1.400004e-05	-1.39056e-04	
538	1.400008e-05	-1.11131e-04	
539	1.400012e-05	-1.09745e-04	
540	1.400020e-05	-5.52466e-05	
541	1.400027e-05	-3.20380e-05	
542	1.400041e-05	2.452341e-06	
543	1.400055e-05	-6.47765e-06	
544	1.400075e-05	6.178955e-06	
545	1.400111e-05	-6.18607e-06	
546	1.400148e-05	6.186168e-06	
547	1.400203e-05	-6.18626e-06	
548	1.400291e-05	6.186280e-06	
549	1.400469e-05	-6.18627e-06	
550	1.400823e-05	6.186307e-06	
551	1.401532e-05	-6.18630e-06	
552	1.402950e-05	6.186304e-06	
553	1.405786e-05	-6.18630e-06	
554	1.411458e-05	6.186303e-06	
555	1.422802e-05	-6.18631e-06	
556	1.445490e-05	6.186302e-06	
557	1.477490e-05	-6.18631e-06	
558	1.500000e-05	6.186302e-06	
559	1.500000e-05	-3.99802e-06	
560	1.500000e-05	4.221726e-06	
561	1.500000e-05	-3.92823e-06	
562	1.500000e-05	3.661947e-06	
563	1.500000e-05	1.012218e-04	
564	1.500000e-05	1.462117e-04	
565	1.500000e-05	1.511131e-04	
566	1.500000e-05	2.599795e-04	
567	1.500000e-05	3.611683e-04	
568	1.500000e-05	1.202570e-04	
569	1.500000e-05	-1.04066e-05	
570	1.500000e-05	7.681733e-06	
571	1.500000e-05	-6.87944e-06	
572	1.500000e-05	6.556410e-06	
573	1.500000e-05	-6.40770e-06	
574	1.500001e-05	6.342162e-06	
575	1.500001e-05	-6.29854e-06	
576	1.500003e-05	6.284116e-06	

Index   time            v4#branch       
--------------------------------------------------------------------------------
577	1.500005e-05	-6.27552e-06	
578	1.500010e-05	6.271213e-06	
579	1.500017e-05	-6.26838e-06	
580	1.500029e-05	6.266760e-06	
581	1.500045e-05	-6.26555e-06	
582	1.500078e-05	6.264940e-06	
583	1.500144e-05	-6.26464e-06	
584	1.500276e-05	6.264499e-06	
585	1.500539e-05	-6.26440e-06	
586	1.501066e-05	6.264375e-06	
587	1.502120e-05	-6.26435e-06	
588	1.504227e-05	6.264345e-06	
589	1.508442e-05	-6.26434e-06	
590	1.516872e-05	6.264337e-06	
591	1.533731e-05	-6.26433e-06	
592	1.565731e-05	6.264335e-06	
593	1.597731e-05	-6.26433e-06	
594	1.600000e-05	6.264326e-06	
